4 3 - 11
2 1 6 8
13 9 7 15
10 14 12 5

4 - 3 11
2 1 6 8
13 9 7 15
10 14 12 5

- 4 3 11
2 1 6 8
13 9 7 15
10 14 12 5

2 4 3 11
- 1 6 8
13 9 7 15
10 14 12 5

2 4 3 11
1 - 6 8
13 9 7 15
10 14 12 5

2 4 3 11
1 6 - 8
13 9 7 15
10 14 12 5

2 4 - 11
1 6 3 8
13 9 7 15
10 14 12 5

2 - 4 11
1 6 3 8
13 9 7 15
10 14 12 5

- 2 4 11
1 6 3 8
13 9 7 15
10 14 12 5

1 2 4 11
- 6 3 8
13 9 7 15
10 14 12 5

1 2 4 11
6 - 3 8
13 9 7 15
10 14 12 5

1 2 4 11
6 9 3 8
13 - 7 15
10 14 12 5

1 2 4 11
6 9 3 8
13 7 - 15
10 14 12 5

1 2 4 11
6 9 3 8
13 7 12 15
10 14 - 5

1 2 4 11
6 9 3 8
13 7 12 15
10 14 5 -

1 2 4 11
6 9 3 8
13 7 12 -
10 14 5 15

1 2 4 11
6 9 3 -
13 7 12 8
10 14 5 15

1 2 4 -
6 9 3 11
13 7 12 8
10 14 5 15

1 2 - 4
6 9 3 11
13 7 12 8
10 14 5 15

1 2 3 4
6 9 - 11
13 7 12 8
10 14 5 15

1 2 3 4
6 9 11 -
13 7 12 8
10 14 5 15

1 2 3 4
6 9 11 8
13 7 12 -
10 14 5 15

1 2 3 4
6 9 11 8
13 7 - 12
10 14 5 15

1 2 3 4
6 9 11 8
13 7 5 12
10 14 - 15

1 2 3 4
6 9 11 8
13 7 5 12
10 - 14 15

1 2 3 4
6 9 11 8
13 7 5 12
- 10 14 15

1 2 3 4
6 9 11 8
- 7 5 12
13 10 14 15

1 2 3 4
- 9 11 8
6 7 5 12
13 10 14 15

1 2 3 4
9 - 11 8
6 7 5 12
13 10 14 15

1 2 3 4
9 7 11 8
6 - 5 12
13 10 14 15

1 2 3 4
9 7 11 8
6 5 - 12
13 10 14 15

1 2 3 4
9 7 - 8
6 5 11 12
13 10 14 15

1 2 3 4
9 - 7 8
6 5 11 12
13 10 14 15

1 2 3 4
9 5 7 8
6 - 11 12
13 10 14 15

1 2 3 4
9 5 7 8
- 6 11 12
13 10 14 15

1 2 3 4
- 5 7 8
9 6 11 12
13 10 14 15

1 2 3 4
5 - 7 8
9 6 11 12
13 10 14 15

1 2 3 4
5 6 7 8
9 - 11 12
13 10 14 15

1 2 3 4
5 6 7 8
9 10 11 12
13 - 14 15

1 2 3 4
5 6 7 8
9 10 11 12
13 14 - 15

1 2 3 4
5 6 7 8
9 10 11 12
13 14 15 -